2 0.06875 0.6359375 0.03828125 0.07578125
2 0.27734375 0.7671875 0.03828125 0.1265625
2 0.415625 0.7046875 0.02890625 0.0890625
2 0.72265625 0.61484375 0.0171875 0.09453125
2 0.97890625 0.634375 0.01640625 0.078125
2 0.17109375 0.55234375 0.015625 0.071875
2 0.2453125 0.5609375 0.015625 0.05546875
2 0.30546875 0.559375 0.0171875 0.0765625
2 0.36875 0.55859375 0.01796875 0.07421875
2 0.19140625 0.54609375 0.01015625 0.0734375
2 0.20703125 0.5734375 0.01484375 0.04453125
1 0.07734375 0.65 0.00625 0.02109375