2 0.26015625 0.9015625 0.028125 0.13984375
2 0.06796875 0.61171875 0.0296875 0.09765625
2 0.1859375 0.70078125 0.025 0.10859375
2 0.41953125 0.75859375 0.02109375 0.10390625
2 0.44453125 0.76875 0.0140625 0.115625
2 0.45859375 0.78671875 0.0203125 0.1
2 0.5296875 0.72421875 0.05078125 0.05390625
2 0.890625 0.7328125 0.025 0.10390625
2 0.93046875 0.96796875 0.03203125 0.0640625
2 0.1453125 0.5546875 0.021875 0.07578125
2 0.17890625 0.5703125 0.01875 0.06953125
2 0.2046875 0.575 0.01796875 0.0421875
2 0.2609375 0.58359375 0.0234375 0.0546875