2 0.43828125 0.771875 0.0140625 0.10703125
2 0.62578125 0.75234375 0.0328125 0.115625
2 0.90234375 0.9734375 0.02578125 0.053125
1 0.34375 0.7546875 0.015625 0.03046875
2 0.35078125 0.753125 0.021875 0.09296875
2 0.26796875 0.77734375 0.028125 0.08515625
2 0.20859375 0.70234375 0.0296875 0.10234375
2 0.30390625 0.65234375 0.01875 0.09453125
2 0.17421875 0.5703125 0.01953125 0.06953125
2 0.21015625 0.57578125 0.01875 0.08515625
2 0.2328125 0.57578125 0.021875 0.0765625
2 0.284375 0.5671875 0.034375 0.05390625
2 0.06953125 0.5546875 0.02421875 0.07578125
2 0.10625 0.5546875 0.028125 0.07109375
2 0.14609375 0.5671875 0.01875 0.0828125
1 0.49296875 0.875 0.0109375 0.01796875