2 0.08984375 0.7375 0.02109375 0.06171875
2 0.128125 0.7453125 0.03203125 0.06796875
2 0.01796875 0.56171875 0.021875 0.08984375
2 0.44765625 0.5765625 0.01015625 0.0828125
2 0.4359375 0.83984375 0.03125 0.053125
2 0.86484375 0.79140625 0.03359375 0.11953125
2 0.5734375 0.753125 0.02109375 0.084375
2 0.2625 0.60859375 0.03515625 0.1046875
2 0.2625 0.778125 0.02890625 0.06484375
1 0.4671875 0.63125 0.01171875 0.0296875
2 0.50859375 0.56171875 0.0109375 0.07578125
1 0.309375 0.8140625 0.0171875 0.015625
1 0.66171875 0.79375 0.009375 0.03671875