2 0.17109375 0.73046875 0.02421875 0.1125
2 0.184375 0.61484375 0.02890625 0.09453125
2 0.58671875 0.71875 0.0265625 0.10859375
2 0.71875 0.80390625 0.0203125 0.09765625
2 0.746875 0.790625 0.01875 0.103125
2 0.79921875 0.80625 0.0171875 0.1015625
2 0.85078125 0.8375 0.021875 0.1046875
2 0.92578125 0.79765625 0.025 0.11328125
2 0.9875 0.78359375 0.0203125 0.08984375
2 0.75625 0.74609375 0.0140625 0.0796875
2 0.7859375 0.74140625 0.0234375 0.09296875
2 0.83515625 0.74140625 0.02109375 0.09765625
2 0.88125 0.75859375 0.02578125 0.10390625
2 0.6828125 0.7421875 0.015625 0.08515625